id;pi;pj;dij;fij
1;758;1009;149.477;202
2;758;122;118.49;163
3;758;210;118.367;285
4;758;800;825.217;139
5;758;3211;1049.577;102
6;758;2273;1086.347;101
7;758;2057;316.582;209
8;758;1505;142.807;356
9;758;1109;322.271;240
10;758;571;288.126;144
11;758;246;210.991;132
12;758;880;551.788;155
13;758;1814;821.742;137
14;758;2244;1263.444;103
15;758;507;1613.0;109
16;758;168;1742.782;105
17;758;1773;332.312;276
18;758;317;352.369;202
19;758;8143;901.116;288
20;758;4421;404.747;324
21;1009;758;149.477;135
22;1009;800;681.182;144
23;1009;3211;905.736;138
24;1009;2273;939.377;140
25;1009;204;889.59;107
26;1009;147;1564.814;104
27;1009;2057;262.93;150
28;1009;1101;472.752;108
29;1009;313;940.276;109
30;1009;1505;235.262;165
31;1009;1109;350.955;171
32;1009;126;136.713;110
33;1009;105;247.334;117
34;1009;907;1023.676;101
35;1009;911;684.053;112
36;1009;880;692.537;149
37;1009;135;628.982;137
38;1009;147;890.224;116
39;1009;1814;867.702;179
40;1009;2244;1244.037;141
41;1009;507;1537.398;113
42;1009;168;1691.128;134
43;1009;1773;305.042;223
44;1009;317;355.438;223
45;1009;207;961.27;113
46;1009;8143;1047.25;300
47;1009;4421;430.411;213
48;1009;1639;958.119;128
49;210;1505;85.513;106
50;725;346;147.103;210
51;725;800;212.873;390
52;725;147;238.172;156
53;725;3211;691.133;150
54;725;2273;664.334;147
55;725;2057;704.219;111
56;725;1101;673.696;121
57;725;1505;671.193;157
58;725;1109;600.098;163
59;725;624;449.348;106
60;725;105;300.846;120
61;725;1814;1353.838;108
62;725;2244;1579.81;116
63;725;507;1671.356;104
64;725;168;1903.951;119
65;725;1773;476.936;262
66;725;317;544.488;226
67;725;207;668.838;150
68;725;8143;1569.269;242
69;725;4421;616.21;265
70;346;725;147.103;131
71;346;800;68.037;176
72;800;725;212.873;313
73;800;346;68.037;298
74;800;147;43.432;292
75;800;3211;511.679;201
76;800;2273;469.056;208
77;800;204;796.621;134
78;800;2057;774.219;121
79;800;1101;658.021;119
80;800;1505;845.048;171
81;800;1109;799.371;165
82;800;624;516.727;114
83;800;105;442.007;130
84;800;1814;1403.947;146
85;800;2244;1545.094;132
86;800;507;1555.938;146
87;800;168;1811.175;145
88;800;1773;675.451;260
89;800;317;746.979;226
90;800;207;468.96;167
91;800;8143;1726.271;266
92;800;4421;822.757;308
93;800;1566;1277.321;119
94;3211;758;1049.577;149
95;3211;725;691.133;206
96;3211;346;573.516;118
97;3211;800;511.679;977
98;3211;147;471.251;109
99;3211;101;344.762;291
100;3211;537;47.457;811
101;3211;574;20.14;1072
102;3211;127;112.929;763
103;3211;194;65.071;622
104;3211;184;351.115;434
105;3211;2273;97.54;1351
106;3211;137;367.385;455
107;3211;114;84.907;735
108;3211;240;65.062;681
109;3211;325;99.583;1120
110;3211;423;514.717;308
111;3211;204;390.632;916
112;3211;151;418.178;135
113;3211;379;772.285;315
114;3211;309;1706.349;252
115;3211;208;462.456;482
116;3211;147;669.47;627
117;3211;1183;1295.802;310
118;3211;123;1304.356;151
119;3211;338;1287.044;229
120;3211;775;2794.872;293
121;3211;2057;836.562;601
122;3211;184;870.246;145
123;3211;1101;567.953;703
124;3211;148;426.866;301
125;3211;132;526.206;137
126;3211;157;524.322;137
127;3211;715;1665.901;142
128;3211;192;1964.554;127
129;3211;1505;1131.357;527
130;3211;1109;1164.061;586
131;3211;571;1167.011;283
132;3211;246;1196.255;168
133;3211;624;671.827;304
134;3211;179;345.309;118
135;3211;126;782.064;292
136;3211;105;754.84;337
137;3211;568;2561.012;155
138;3211;1132;2283.4;203
139;3211;907;1928.94;216
140;3211;138;1840.458;121
141;3211;217;1977.297;108
142;3211;911;1551.438;260
143;3211;186;1403.867;126
144;3211;880;1598.261;340
145;3211;135;1499.638;314
146;3211;117;1810.392;106
147;3211;313;1777.658;150
148;3211;588;1645.797;181
149;3211;128;1891.73;103
150;3211;147;1623.204;237
151;3211;1814;1312.416;564
152;3211;140;1327.355;150
153;3211;2244;1243.813;635
154;3211;226;3295.194;157
155;3211;507;1097.434;638
156;3211;168;1383.239;659
157;3211;1773;1050.223;782
158;3211;317;1127.523;640
159;3211;273;919.294;125
160;3211;698;1115.584;173
161;3211;205;1054.444;127
162;3211;207;128.849;1059
163;3211;8143;1893.727;1040
164;3211;4421;1213.607;921
165;3211;1639;1821.607;375
166;3211;1566;983.717;479
167;537;800;470.563;122
168;537;3211;47.457;230
169;537;574;64.483;111
170;537;127;66.746;142
171;537;2273;61.535;229
172;537;325;89.912;146
173;537;204;433.131;124
174;537;207;94.049;111
175;537;8143;1896.127;104
176;574;800;531.542;146
177;574;3211;20.14;302
178;574;537;64.483;116
179;574;127;131.035;121
180;574;194;51.525;131
181;574;2273;106.504;199
182;574;114;67.201;151
183;574;240;62.033;127
184;574;325;97.167;184
185;574;204;382.956;156
186;574;1101;576.664;103
187;574;1773;1068.834;119
188;574;317;1146.128;107
189;574;207;135.991;165
190;574;8143;1905.658;141
191;574;4421;1232.303;139
192;2273;758;1086.347;120
193;2273;725;664.334;142
194;2273;800;469.056;741
195;2273;3211;97.54;1086
196;2273;101;294.137;159
197;2273;537;61.535;645
198;2273;574;106.504;414
199;2273;127;74.488;611
200;2273;194;97.493;224
201;2273;184;292.288;274
202;2273;137;404.392;153
203;2273;114;169.385;286
204;2273;240;62.09;326
205;2273;325;57.548;632
206;2273;423;589.1;235
207;2273;204;488.096;635
208;2273;379;868.747;196
209;2273;309;1798.871;169
210;2273;208;475.196;226
211;2273;147;669.686;317
212;2273;1183;1359.766;214
213;2273;338;1356.961;153
214;2273;775;2827.203;198
215;2273;2057;894.921;477
216;2273;184;950.421;121
217;2273;1101;639.604;499
218;2273;148;505.929;185
219;2273;132;598.92;121
220;2273;157;594.774;134
221;2273;1505;1158.034;369
222;2273;1109;1174.825;444
223;2273;571;1181.156;166
224;2273;246;1220.099;104
225;2273;624;709.08;282
226;2273;179;378.709;122
227;2273;126;822.511;259
228;2273;105;767.262;258
229;2273;568;2593.097;129
230;2273;1132;2316.637;176
231;2273;907;1962.293;162
232;2273;911;1599.969;192
233;2273;880;1629.586;213
234;2273;135;1547.166;205
235;2273;147;1690.688;144
236;2273;1814;1396.641;389
237;2273;2244;1341.158;441
238;2273;507;1184.895;425
239;2273;168;1474.988;447
240;2273;1773;1057.124;592
241;2273;317;1134.166;472
242;2273;273;921.949;135
243;2273;698;1111.29;119
244;2273;205;1057.089;108
245;2273;207;32.58;849
246;2273;8143;1948.058;757
247;2273;4421;1218.757;684
248;2273;1639;1872.211;275
249;2273;1566;1080.541;351
250;240;3211;65.062;120
251;240;325;35.192;102
252;325;3211;99.583;157
253;325;2273;57.548;118
254;325;240;35.192;103
255;325;207;64.376;101
256;423;3211;514.717;144
257;423;2273;589.1;104
258;423;204;338.556;218
259;423;151;204.71;150
260;423;507;620.399;122
261;423;168;932.047;112
262;423;8143;2053.383;135
263;423;4421;1608.443;115
264;379;2244;519.402;112
265;379;507;437.158;107
266;379;8143;1730.807;112
267;379;1566;324.936;134
268;309;1814;507.298;132
269;309;8143;1182.547;107
270;208;147;213.994;111
271;1183;800;1221.124;194
272;1183;3211;1295.802;186
273;1183;2273;1359.766;161
274;1183;204;1105.943;139
275;1183;147;1881.542;124
276;1183;124;163.593;200
277;1183;161;66.523;487
278;1183;123;64.383;487
279;1183;338;110.562;490
280;1183;151;219.55;207
281;1183;109;117.063;183
282;1183;116;185.954;141
283;1183;192;65.82;327
284;1183;103;83.02;186
285;1183;2057;468.991;306
286;1183;1101;731.146;168
287;1183;192;781.473;103
288;1183;1505;563.271;256
289;1183;1109;754.45;249
290;1183;571;714.261;102
291;1183;907;847.105;105
292;1183;911;372.832;149
293;1183;880;628.905;272
294;1183;135;350.166;224
295;1183;313;754.584;103
296;1183;147;336.996;156
297;1183;1814;434.022;377
298;1183;2244;1004.968;192
299;1183;507;1508.346;191
300;1183;168;1551.915;188
301;1183;1773;794.023;286
302;1183;317;799.402;176
303;1183;207;1388.362;135
304;1183;8143;624.983;475
305;1183;4421;829.031;378
306;1183;1639;582.024;157
307;1183;1566;886.551;166
308;338;1183;110.562;165
309;338;123;174.942;101
310;338;1814;323.462;131
311;338;8143;683.008;120
312;775;800;2490.442;132
313;775;3211;2794.872;114
314;775;2273;2827.203;103
315;775;139;155.875;202
316;775;192;866.552;173
317;775;1505;1670.391;170
318;775;1109;1691.546;197
319;775;568;234.123;253
320;775;1132;511.689;265
321;775;907;865.968;290
322;775;911;1291.997;148
323;775;880;1197.623;162
324;775;135;1333.989;166
325;775;313;1018.51;120
326;775;1814;1970.75;153
327;775;2244;2577.023;120
328;775;507;3144.381;138
329;775;168;3142.261;132
330;775;1773;1815.412;223
331;775;317;1746.161;195
332;775;207;2847.702;104
333;775;8143;1058.985;387
334;775;4421;1677.395;284
335;775;1639;1069.376;193
336;2057;758;316.582;179
337;2057;725;704.219;110
338;2057;800;774.219;423
339;2057;3211;836.562;499
340;2057;537;840.924;119
341;2057;2273;894.921;455
342;2057;325;929.675;186
343;2057;423;1051.824;128
344;2057;204;713.697;332
345;2057;379;863.465;119
346;2057;309;1150.09;129
347;2057;208;1241.662;134
348;2057;147;1454.809;256
349;2057;1183;468.991;274
350;2057;123;469.866;107
351;2057;338;486.39;232
352;2057;775;2001.287;132
353;2057;125;213.599;397
354;2057;128;268.678;275
355;2057;184;288.269;552
356;2057;1101;293.717;599
357;2057;148;443.46;103
358;2057;192;1147.33;120
359;2057;1505;454.975;487
360;2057;1109;607.291;442
361;2057;571;581.471;194
362;2057;246;526.034;141
363;2057;624;260.046;241
364;2057;126;188.308;540
365;2057;105;424.403;223
366;2057;1132;1492.239;118
367;2057;907;1143.863;163
368;2057;911;724.055;165
369;2057;880;834.238;311
370;2057;135;675.209;203
371;2057;117;1054.034;105
372;2057;313;1007.027;141
373;2057;588;829.665;121
374;2057;147;804.929;156
375;2057;1814;650.405;445
376;2057;2244;981.374;415
377;2057;507;1296.593;309
378;2057;168;1434.428;314
379;2057;1773;567.74;564
380;2057;317;617.262;434
381;2057;273;540.839;166
382;2057;698;702.679;144
383;2057;205;606.629;102
384;2057;207;922.651;336
385;2057;8143;1057.648;733
386;2057;4421;688.828;636
387;2057;1639;989.036;233
388;2057;1566;758.754;350
389;1101;800;658.021;234
390;1101;3211;567.953;346
391;1101;537;580.921;101
392;1101;2273;639.604;289
393;1101;325;665.672;118
394;1101;423;763.716;113
395;1101;204;425.313;293
396;1101;208;950.636;102
397;1101;147;1163.086;167
398;1101;1183;731.146;123
399;1101;2057;293.717;345
400;1101;114;157.119;194
401;1101;148;151.534;320
402;1101;132;42.341;320
403;1101;157;45.507;331
404;1101;1505;703.166;162
405;1101;1109;814.919;162
406;1101;624;290.097;139
407;1101;105;488.289;101
408;1101;1814;776.053;215
409;1101;2244;906.119;204
410;1101;507;1079.997;213
411;1101;168;1266.6;198
412;1101;1773;739.064;256
413;1101;317;805.771;147
414;1101;207;670.09;149
415;1101;8143;1341.469;366
416;1101;4421;888.851;314
417;1101;1639;1277.919;119
418;1101;1566;645.722;175
419;715;800;1547.084;110
420;715;3211;1665.901;108
421;715;1183;374.74;117
422;715;161;334.426;129
423;715;338;420.844;103
424;715;2057;831.535;108
425;715;313;126.022;386
426;715;238;160.299;162
427;715;192;487.646;273
428;715;278;364.019;127
429;715;125;109.029;171
430;715;1505;771.325;147
431;715;1109;933.83;147
432;715;911;268.618;183
433;715;880;563.688;206
434;715;135;307.945;160
435;715;313;599.664;148
436;715;588;173.885;169
437;715;147;161.649;244
438;715;1814;653.015;206
439;715;2244;1261.689;106
440;715;507;1826.511;104
441;715;168;1825.885;102
442;715;1773;1013.072;178
443;715;317;991.424;130
444;715;8143;264.797;376
445;715;4421;989.23;206
446;715;1639;263.763;254
447;313;715;126.022;126
448;313;192;372.52;108
449;313;8143;139.622;160
450;313;1639;151.159;112
451;238;715;160.299;102
452;238;8143;405.677;126
453;192;8143;273.866;101
454;278;192;125.882;138
455;278;8143;156.053;153
456;278;1639;100.9;124
457;1505;758;142.807;233
458;1505;210;85.513;216
459;1505;800;845.048;315
460;1505;3211;1131.357;205
461;1505;2273;1158.034;186
462;1505;204;1123.557;165
463;1505;147;1795.015;169
464;1505;1183;563.271;167
465;1505;338;655.748;155
466;1505;775;1670.391;150
467;1505;2057;454.975;277
468;1505;1101;703.166;183
469;1505;394;118.115;458
470;1505;168;174.069;213
471;1505;131;285.613;225
472;1505;217;197.822;170
473;1505;1109;192.897;664
474;1505;121;117.129;197
475;1505;571;154.325;499
476;1505;322;287.587;224
477;1505;143;195.342;157
478;1505;246;72.607;535
479;1505;163;65.959;424
480;1505;624;466.088;136
481;1505;126;371.66;179
482;1505;105;408.434;141
483;1505;1132;1161.36;132
484;1505;907;808.345;144
485;1505;911;539.49;179
486;1505;186;423.378;102
487;1505;880;474.311;329
488;1505;135;485.435;227
489;1505;313;652.299;129
490;1505;147;834.973;109
491;1505;1814;947.851;327
492;1505;2244;1405.451;294
493;1505;507;1751.04;226
494;1505;168;1885.024;225
495;1505;1773;242.71;590
496;1505;123;184.085;119
497;1505;317;236.365;573
498;1505;273;339.381;188
499;1505;698;360.431;178
500;1505;205;286.832;164
501;1505;207;1177.791;215
502;1505;8143;902.172;560
503;1505;4421;272.072;649
504;1505;1639;801.499;203
505;1505;1566;1203.257;180
506;394;1505;118.115;185
507;394;1109;78.813;187
508;394;571;37.978;172
509;394;246;88.095;105
510;394;1773;169.85;145
511;394;317;133.472;160
512;394;8143;963.89;129
513;394;4421;154.299;164
514;217;1109;81.199;108
515;217;4421;103.196;101
516;1109;758;322.271;103
517;1109;800;799.371;248
518;1109;3211;1164.061;142
519;1109;2273;1174.825;128
520;1109;204;1217.782;116
521;1109;147;1833.531;130
522;1109;1183;754.45;114
523;1109;2057;607.291;165
524;1109;1505;192.897;488
525;1109;394;78.813;286
526;1109;131;389.665;121
527;1109;217;81.199;170
528;1109;121;144.912;119
529;1109;571;40.977;468
530;1109;322;459.534;114
531;1109;246;165.649;256
532;1109;163;147.904;192
533;1109;105;409.252;137
534;1109;911;683.026;102
535;1109;880;533.357;203
536;1109;135;632.872;131
537;1109;1814;1139.55;209
538;1109;2244;1579.513;188
539;1109;507;1887.398;132
540;1109;168;2040.754;137
541;1109;1773;123.926;469
542;1109;123;67.205;152
543;1109;317;62.023;484
544;1109;273;263.553;195
545;1109;698;184.069;184
546;1109;205;146.478;145
547;1109;207;1190.065;153
548;1109;8143;1031.726;364
549;1109;4421;82.93;563
550;1109;1639;924.48;116
551;1109;1566;1365.697;121
552;571;800;817.311;131
553;571;1505;154.325;270
554;571;394;37.978;212
555;571;1109;40.977;301
556;571;246;124.814;158
557;571;163;106.938;116
558;571;880;504.906;121
559;571;1814;1102.059;101
560;571;2244;1549.09;105
561;571;1773;146.148;239
562;571;317;98.643;207
563;571;8143;995.113;215
564;571;4421;117.882;288
565;322;1505;287.587;158
566;322;131;185.976;124
567;322;1109;459.534;123
568;322;135;213.535;125
569;322;8143;633.803;119
570;322;4421;524.512;126
571;246;1505;72.607;135
572;246;1109;165.649;109
573;246;163;22.873;101
574;246;4421;233.703;110
575;624;800;516.727;193
576;624;3211;671.827;144
577;624;2273;709.08;146
578;624;2057;260.046;206
579;624;1101;290.097;164
580;624;1505;466.088;142
581;624;1109;541.395;129
582;624;179;330.494;118
583;624;126;115.13;336
584;624;105;203.222;301
585;624;1814;905.656;105
586;624;2244;1164.321;108
587;624;1773;454.138;204
588;624;317;524.491;137
589;624;273;369.217;121
590;624;8143;1252.121;213
591;624;4421;609.989;221
592;568;775;234.123;263
593;568;192;645.651;129
594;568;1505;1436.291;121
595;568;1109;1459.661;127
596;568;129;100.403;236
597;568;1132;278.681;254
598;568;907;632.3;248
599;568;911;1066.815;105
600;568;880;963.528;130
601;568;135;1106.912;127
602;568;1814;1767.994;111
603;568;1773;1583.426;144
604;568;317;1514.903;131
605;568;8143;860.035;308
606;568;4421;1447.541;209
607;568;1639;857.313;161
608;1132;800;1989.839;200
609;1132;3211;2283.4;175
610;1132;2273;2316.637;157
611;1132;204;2204.554;106
612;1132;147;2935.45;163
613;1132;1183;1159.198;117
614;1132;775;511.689;403
615;1132;2057;1492.239;119
616;1132;1101;1785.325;124
617;1132;192;383.159;320
618;1132;1505;1161.36;271
619;1132;1109;1194.392;272
620;1132;571;1173.208;144
621;1132;568;278.681;285
622;1132;129;343.615;127
623;1132;155;84.589;408
624;1132;907;354.498;586
625;1132;101;204.982;369
626;1132;911;793.74;234
627;1132;880;687.428;255
628;1132;135;831.747;250
629;1132;117;490.03;107
630;1132;313;509.128;177
631;1132;588;1026.189;123
632;1132;147;1022.495;171
633;1132;1814;1518.017;254
634;1132;2244;2126.577;217
635;1132;507;2666.807;202
636;1132;168;2688.831;211
637;1132;1773;1317.533;381
638;1132;317;1251.368;319
639;1132;207;2337.502;162
640;1132;8143;627.988;618
641;1132;4421;1188.185;435
642;1132;1639;604.403;333
643;1132;1566;2042.38;143
644;907;800;1642.807;138
645;907;3211;1928.94;122
646;907;2273;1962.293;118
647;907;1183;847.105;109
648;907;775;865.968;255
649;907;2057;1143.863;113
650;907;1101;1435.833;115
651;907;192;203.826;129
652;907;1505;808.345;227
653;907;1109;854.043;245
654;907;571;829.663;112
655;907;568;632.3;141
656;907;1132;354.498;433
657;907;155;269.963;201
658;907;101;245.869;164
659;907;911;474.284;182
660;907;880;334.039;214
661;907;135;502.259;215
662;907;313;159.147;206
663;907;147;785.542;133
664;907;1814;1241.907;209
665;907;2244;1842.641;176
666;907;507;2351.272;157
667;907;168;2396.929;166
668;907;1773;975.428;311
669;907;317;913.168;264
670;907;207;1983.307;114
671;907;8143;459.948;466
672;907;4421;857.164;390
673;907;1639;379.488;243
674;907;1566;1732.991;130
675;217;8143;413.76;127
676;911;800;1361.282;132
677;911;2273;1599.969;109
678;911;147;2178.79;110
679;911;1183;372.832;101
680;911;1505;539.49;258
681;911;1109;683.026;231
682;911;107;162.566;108
683;911;186;147.586;320
684;911;201;214.988;234
685;911;880;307.804;466
686;911;135;55.372;577
687;911;117;459.71;242
688;911;176;189.043;231
689;911;313;392.019;301
690;911;189;93.242;229
691;911;147;396.39;104
692;911;1814;778.829;188
693;911;2244;1371.918;123
694;911;507;1879.102;111
695;911;168;1923.448;115
696;911;1773;774.007;246
697;911;317;742.964;230
698;911;207;1625.005;103
699;911;8143;365.63;427
700;911;4421;731.652;310
701;911;1639;274.459;250
702;186;135;97.986;124
703;201;135;168.055;107
704;880;800;1311.404;123
705;880;3211;1598.261;131
706;880;2273;1629.586;113
707;880;1183;628.905;131
708;880;338;737.933;115
709;880;775;1197.623;119
710;880;2057;834.238;138
711;880;1101;1121.112;110
712;880;1505;474.311;274
713;880;1109;533.357;250
714;880;571;504.906;139
715;880;246;420.816;145
716;880;1132;687.428;116
717;880;907;334.039;141
718;880;911;307.804;395
719;880;186;350.633;260
720;880;201;217.812;233
721;880;135;296.323;449
722;880;117;219.817;237
723;880;176;130.387;259
724;880;313;179.398;312
725;880;189;222.276;174
726;880;147;703.001;117
727;880;1814;1058.988;216
728;880;2244;1629.67;194
729;880;507;2087.682;154
730;880;168;2165.354;154
731;880;1773;650.952;306
732;880;317;594.494;323
733;880;207;1650.212;126
734;880;8143;550.913;413
735;880;4421;550.14;351
736;880;1639;438.932;223
737;880;1566;1485.372;145
738;313;911;392.019;144
739;313;880;179.398;154
740;313;135;404.682;147
741;313;117;69.25;116
742;313;8143;502.937;136
743;313;4421;700.101;110
744;588;161;301.474;109
745;588;715;173.885;143
746;588;192;652.117;104
747;588;1505;862.26;136
748;588;1109;1039.301;123
749;588;911;418.384;119
750;588;880;723.985;168
751;588;135;445.513;106
752;588;128;255.649;169
753;588;147;27.441;590
754;588;1814;516.114;232
755;588;2244;1118.364;117
756;588;1773;1104.357;157
757;588;8143;403.014;311
758;588;4421;1102.445;201
759;588;1639;429.135;194
760;588;1566;1082.806;107
761;1814;758;821.742;122
762;1814;800;1403.947;289
763;1814;3211;1312.416;290
764;1814;2273;1396.641;281
765;1814;325;1411.905;113
766;1814;204;1011.427;243
767;1814;379;878.088;123
768;1814;309;507.298;400
769;1814;208;1592.743;130
770;1814;147;1784.237;249
771;1814;1183;434.022;381
772;1814;161;403.759;169
773;1814;123;498.396;149
774;1814;338;323.462;383
775;1814;775;1970.75;169
776;1814;2057;650.405;335
777;1814;1101;776.053;248
778;1814;715;653.015;123
779;1814;192;1135.427;178
780;1814;1505;947.851;346
781;1814;1109;1139.55;379
782;1814;571;1102.059;184
783;1814;624;905.656;111
784;1814;1132;1518.017;142
785;1814;907;1241.907;186
786;1814;138;530.745;299
787;1814;217;767.229;107
788;1814;911;778.829;229
789;1814;880;1058.988;363
790;1814;135;769.487;195
791;1814;117;1237.693;162
792;1814;313;1170.618;192
793;1814;588;516.114;247
794;1814;147;510.614;457
795;1814;108;164.154;773
796;1814;140;23.801;662
797;1814;2244;608.833;636
798;1814;226;2124.052;135
799;1814;507;1190.763;343
800;1814;168;1172.9;325
801;1814;1773;1150.061;461
802;1814;317;1173.959;299
803;1814;698;1286.138;104
804;1814;207;1428.661;199
805;1814;8143;911.765;758
806;1814;4421;1219.901;600
807;1814;1639;913.938;299
808;1814;1566;574.416;517
809;2244;758;1263.444;103
810;2244;800;1545.094;278
811;2244;3211;1243.813;377
812;2244;2273;1341.158;326
813;2244;325;1330.841;134
814;2244;423;971.835;138
815;2244;204;856.601;238
816;2244;379;519.402;254
817;2244;309;599.806;237
818;2244;208;1342.601;165
819;2244;147;1488.524;314
820;2244;1183;1004.968;183
821;2244;338;900.989;107
822;2244;775;2577.023;141
823;2244;2057;981.374;274
824;2244;184;693.152;109
825;2244;1101;906.119;204
826;2244;715;1261.689;109
827;2244;192;1743.736;117
828;2244;1505;1405.451;299
829;2244;1109;1579.513;317
830;2244;571;1549.09;156
831;2244;1132;2126.577;123
832;2244;907;1842.641;141
833;2244;138;892.515;104
834;2244;911;1371.918;182
835;2244;880;1629.67;255
836;2244;135;1354.535;153
837;2244;313;1759.215;123
838;2244;588;1118.364;111
839;2244;147;1115.681;159
840;2244;1814;608.833;531
841;2244;140;596.661;115
842;2244;109;59.526;398
843;2244;123;195.419;536
844;2244;191;110.107;526
845;2244;226;2062.246;147
846;2244;507;640.789;522
847;2244;168;565.259;583
848;2244;1773;1549.043;429
849;2244;317;1595.882;304
850;2244;207;1372.65;288
851;2244;8143;1518.581;671
852;2244;4421;1662.309;572
853;2244;1639;1522.709;239
854;2244;1566;268.714;901
855;191;2244;110.107;117
856;507;2244;640.789;160
857;507;168;321.206;229
858;507;1773;1818.449;104
859;507;8143;2090.783;161
860;507;4421;1964.367;145
861;507;1566;626.73;130
862;1773;758;332.312;159
863;1773;725;476.936;142
864;1773;800;675.451;512
865;1773;3211;1050.223;295
866;1773;127;982.71;103
867;1773;2273;1057.124;265
868;1773;325;1110.799;111
869;1773;204;1126.946;199
870;1773;309;1656.142;147
871;1773;208;1512.241;130
872;1773;147;1719.268;259
873;1773;1183;794.023;200
874;1773;338;878.52;142
875;1773;775;1815.412;158
876;1773;2057;567.74;297
877;1773;1101;739.064;242
878;1773;1505;242.71;588
879;1773;394;169.85;143
880;1773;1109;123.926;599
881;1773;571;146.148;323
882;1773;246;250.812;185
883;1773;624;454.138;185
884;1773;126;411.214;202
885;1773;105;297.422;314
886;1773;1132;1317.533;140
887;1773;907;975.428;172
888;1773;911;774.007;179
889;1773;186;664.938;107
890;1773;880;650.952;292
891;1773;135;721.366;217
892;1773;313;816.326;123
893;1773;588;1104.357;107
894;1773;147;1077.021;149
895;1773;1814;1150.061;380
896;1773;2244;1549.043;295
897;1773;507;1818.449;296
898;1773;168;1987.536;324
899;1773;123;69.32;382
900;1773;317;77.302;1215
901;1773;273;139.909;885
902;1773;698;137.436;524
903;1773;205;45.913;594
904;1773;195;213.013;257
905;1773;607;255.327;351
906;1773;207;1071.394;248
907;1773;8143;1131.153;629
908;1773;4421;163.918;840
909;1773;1639;1026.466;221
910;1773;1566;1322.566;233
911;317;1109;62.023;106
912;317;1773;77.302;160
913;317;273;214.534;103
914;317;4421;87.265;141
915;273;1773;139.909;138
916;273;317;214.534;153
917;273;4421;297.103;113
918;698;800;692.146;205
919;698;3211;1115.584;103
920;698;2057;702.679;103
921;698;1505;360.431;209
922;698;1109;184.069;197
923;698;571;223.66;111
924;698;105;386.375;102
925;698;880;701.308;108
926;698;1814;1286.138;114
927;698;2244;1683.958;105
928;698;507;1936.771;107
929;698;168;2114.464;109
930;698;1773;137.436;364
931;698;317;126.387;418
932;698;273;205.972;333
933;698;205;96.05;250
934;698;195;136.138;132
935;698;607;226.714;152
936;698;207;1122.038;105
937;698;8143;1213.573;225
938;698;4421;152.08;312
939;205;1773;45.913;112
940;205;317;87.398;116
941;205;273;135.312;116
942;195;273;180.868;105
943;607;725;256.111;124
944;607;800;468.667;229
945;607;3211;918.944;106
946;607;1505;487.492;137
947;607;1109;369.104;136
948;607;1773;255.327;310
949;607;317;308.558;351
950;607;273;159.053;367
951;607;698;226.714;195
952;607;205;222.791;170
953;607;195;104.342;130
954;607;8143;1385.18;188
955;607;4421;369.518;254
956;8143;758;901.116;688
957;8143;1009;1047.25;139
958;8143;122;784.018;153
959;8143;210;970.078;182
960;8143;725;1569.269;607
961;8143;346;1685.565;282
962;8143;800;1726.271;1770
963;8143;147;1719.935;267
964;8143;3211;1893.727;1606
965;8143;537;1896.127;349
966;8143;574;1905.658;314
967;8143;127;1881.306;208
968;8143;194;1957.148;124
969;8143;184;1842.167;128
970;8143;2273;1948.058;1531
971;8143;137;2156.017;139
972;8143;114;1911.786;130
973;8143;240;1955.521;221
974;8143;325;1985.502;703
975;8143;423;2053.383;573
976;8143;204;1729.944;1095
977;8143;151;1855.322;191
978;8143;379;1730.807;657
979;8143;309;1182.547;959
980;8143;208;2290.479;827
981;8143;147;2501.364;1436
982;8143;1183;624.983;1470
983;8143;124;461.405;314
984;8143;161;593.262;846
985;8143;123;598.769;757
986;8143;338;683.008;1182
987;8143;151;843.636;168
988;8143;109;741.498;128
989;8143;116;614.936;155
990;8143;192;559.169;346
991;8143;103;695.382;148
992;8143;775;1058.985;1657
993;8143;139;1018.478;220
994;8143;2057;1057.648;1640
995;8143;125;1130.621;199
996;8143;128;934.57;212
997;8143;184;1122.616;454
998;8143;1101;1341.469;1292
999;8143;114;1290.38;146
1000;8143;148;1492.885;243
1001;8143;132;1383.521;291
1002;8143;157;1380.316;178
1003;8143;715;264.797;1550
1004;8143;313;139.622;2562
1005;8143;136;186.158;371
1006;8143;238;405.677;428
1007;8143;160;52.842;1026
1008;8143;192;273.866;2856
1009;8143;278;156.053;962
1010;8143;125;357.861;269
1011;8143;1505;902.172;2235
1012;8143;394;963.89;348
1013;8143;168;741.991;123
1014;8143;131;642.1;223
1015;8143;217;968.74;148
1016;8143;1109;1031.726;2238
1017;8143;121;887.883;156
1018;8143;571;995.113;1063
1019;8143;322;633.803;360
1020;8143;143;802.295;123
1021;8143;246;880.349;872
1022;8143;163;902.847;445
1023;8143;624;1252.121;768
1024;8143;179;1573.76;113
1025;8143;126;1137.182;951
1026;8143;105;1285.084;891
1027;8143;568;860.035;979
1028;8143;129;949.03;530
1029;8143;1132;627.988;1441
1030;8143;155;574.777;287
1031;8143;907;459.948;1846
1032;8143;101;423.646;500
1033;8143;138;892.505;706
1034;8143;217;413.76;879
1035;8143;152;561.702;514
1036;8143;911;365.63;2088
1037;8143;107;340.421;243
1038;8143;186;504.363;904
1039;8143;201;567.329;377
1040;8143;880;550.913;2576
1041;8143;135;420.958;2500
1042;8143;117;562.265;1015
1043;8143;176;430.7;482
1044;8143;313;502.937;1346
1045;8143;189;376.966;364
1046;8143;588;403.014;1666
1047;8143;128;265.483;1141
1048;8143;147;403.201;2448
1049;8143;1814;911.765;2529
1050;8143;108;1025.648;380
1051;8143;140;922.338;513
1052;8143;2244;1518.581;2090
1053;8143;109;1460.317;152
1054;8143;123;1378.364;153
1055;8143;191;1410.504;220
1056;8143;226;2415.929;610
1057;8143;507;2090.783;1759
1058;8143;168;2083.691;1709
1059;8143;1773;1131.153;2804
1060;8143;123;1063.033;229
1061;8143;317;1093.177;2340
1062;8143;273;1241.474;483
1063;8143;698;1213.573;629
1064;8143;205;1169.179;601
1065;8143;195;1336.101;150
1066;8143;607;1385.18;279
1067;8143;207;1974.35;1575
1068;8143;4421;1070.161;3190
1069;8143;1639;112.046;3820
1070;8143;1566;1464.531;1474
1071;4421;758;404.747;477
1072;4421;1009;430.411;145
1073;4421;122;432.117;132
1074;4421;210;295.479;233
1075;4421;725;616.21;377
1076;4421;346;761.293;206
1077;4421;800;822.757;1270
1078;4421;147;837.841;161
1079;4421;3211;1213.607;829
1080;4421;537;1190.792;216
1081;4421;574;1232.303;162
1082;4421;127;1144.448;126
1083;4421;184;993.74;111
1084;4421;2273;1218.757;746
1085;4421;240;1256.03;124
1086;4421;325;1272.883;362
1087;4421;423;1608.443;230
1088;4421;204;1285.702;641
1089;4421;379;1527.213;313
1090;4421;309;1719.347;407
1091;4421;208;1675.789;354
1092;4421;147;1882.366;762
1093;4421;1183;829.031;518
1094;4421;161;888.646;236
1095;4421;123;774.299;269
1096;4421;338;925.28;416
1097;4421;192;836.89;108
1098;4421;775;1677.395;568
1099;4421;2057;688.828;750
1100;4421;128;881.055;108
1101;4421;184;972.522;194
1102;4421;1101;888.851;564
1103;4421;148;991.979;122
1104;4421;132;910.913;131
1105;4421;157;894.092;112
1106;4421;715;989.23;209
1107;4421;313;1009.853;165
1108;4421;192;982.894;302
1109;4421;1505;272.072;1689
1110;4421;394;154.299;877
1111;4421;168;349.533;156
1112;4421;131;431.263;288
1113;4421;217;103.196;438
1114;4421;1109;82.93;2034
1115;4421;121;201.585;248
1116;4421;571;117.882;1374
1117;4421;322;524.512;298
1118;4421;143;268.559;219
1119;4421;246;233.703;852
1120;4421;163;219.828;622
1121;4421;624;609.989;433
1122;4421;126;553.245;547
1123;4421;105;461.331;734
1124;4421;568;1447.541;307
1125;4421;129;1474.068;154
1126;4421;1132;1188.185;440
1127;4421;907;857.164;556
1128;4421;138;1609.175;184
1129;4421;217;1383.572;161
1130;4421;911;731.652;600
1131;4421;186;648.163;294
1132;4421;201;516.789;136
1133;4421;880;550.14;959
1134;4421;135;684.017;700
1135;4421;117;701.253;316
1136;4421;176;645.869;105
1137;4421;313;700.101;426
1138;4421;189;694.505;101
1139;4421;588;1102.445;320
1140;4421;128;1232.912;153
1141;4421;147;1075.782;440
1142;4421;1814;1219.901;992
1143;4421;108;1382.383;161
1144;4421;140;1243.577;243
1145;4421;2244;1662.309;907
1146;4421;191;1593.697;113
1147;4421;226;3275.659;245
1148;4421;507;1964.367;757
1149;4421;168;2121.336;749
1150;4421;1773;163.918;2115
1151;4421;123;135.259;611
1152;4421;317;87.265;2557
1153;4421;273;297.103;1060
1154;4421;698;152.08;1062
1155;4421;205;163.157;919
1156;4421;195;287.338;321
1157;4421;607;369.518;540
1158;4421;207;1232.265;914
1159;4421;8143;1070.161;1790
1160;4421;1639;960.793;653
1161;4421;1566;1447.495;711
1162;1639;758;810.097;110
1163;1639;725;1471.286;112
1164;1639;800;1633.514;334
1165;1639;3211;1821.607;241
1166;1639;2273;1872.211;210
1167;1639;204;1676.762;187
1168;1639;379;1701.429;103
1169;1639;309;1228.1;136
1170;1639;208;2228.547;129
1171;1639;147;2440.735;256
1172;1639;1183;582.024;231
1173;1639;161;561.249;212
1174;1639;123;546.082;107
1175;1639;338;654.947;203
1176;1639;775;1069.376;300
1177;1639;2057;989.036;258
1178;1639;1101;1277.919;177
1179;1639;715;263.763;298
1180;1639;313;151.159;571
1181;1639;136;98.914;167
1182;1639;160;60.39;211
1183;1639;192;223.994;664
1184;1639;278;100.9;283
1185;1639;1505;801.499;472
1186;1639;1109;924.48;468
1187;1639;571;888.536;215
1188;1639;246;775.98;163
1189;1639;624;1170.076;104
1190;1639;126;1054.951;149
1191;1639;105;1191.573;116
1192;1639;568;857.313;150
1193;1639;1132;604.403;284
1194;1639;907;379.488;346
1195;1639;217;509.076;132
1196;1639;911;274.459;545
1197;1639;186;420.023;170
1198;1639;880;438.932;558
1199;1639;135;329.218;621
1200;1639;117;462.657;236
1201;1639;313;400.054;294
1202;1639;588;429.135;278
1203;1639;128;352.992;201
1204;1639;147;422.104;459
1205;1639;1814;913.938;472
1206;1639;2244;1522.709;357
1207;1639;507;2075.388;325
1208;1639;168;2085.845;318
1209;1639;1773;1026.466;544
1210;1639;317;986.173;499
1211;1639;698;1105.418;122
1212;1639;205;1063.557;114
1213;1639;207;1897.644;247
1214;1639;8143;112.046;1010
1215;1639;4421;960.793;670
1216;1639;1566;1448.86;242
1217;1566;800;1277.321;216
1218;1566;3211;983.717;232
1219;1566;2273;1080.541;205
1220;1566;423;770.526;119
1221;1566;204;602.466;197
1222;1566;379;324.936;248
1223;1566;309;768.595;121
1224;1566;208;1127.225;128
1225;1566;147;1292.634;248
1226;1566;1183;886.551;104
1227;1566;2057;758.754;220
1228;1566;184;478.788;120
1229;1566;1101;645.722;166
1230;1566;1505;1203.257;200
1231;1566;1109;1365.697;208
1232;1566;911;1259.063;112
1233;1566;880;1485.372;138
1234;1566;135;1232.21;123
1235;1566;1814;574.416;381
1236;1566;2244;268.714;713
1237;1566;123;145.717;210
1238;1566;191;279.701;117
1239;1566;507;626.73;360
1240;1566;168;685.666;390
1241;1566;1773;1322.566;278
1242;1566;317;1375.503;192
1243;1566;207;1112.442;182
1244;1566;8143;1464.531;453
1245;1566;4421;1447.495;377
1246;1566;1639;1448.86;154
